11111111 327

111 crudum Ι 20, 1. ΙΙΙ 12, 9. anethum ΙΙ 9, 6. 116, 2. 132, 6.
111 1111111111. 1122,6. ΙΙΙ anisum Π 12, 6. 111, 12. 121,1.
11, 1. 26. 28, 2. 29. (1119. 19.
11111 flos IH 28, 2. (1119. 23. apium Ι 11,11. 17,11. H 12, 5.
afronitrum Ι 16, 3. 42, 6. 62, 4. ’91),1 ΙΠ 8, 8. 28, 91. IV 2, 9.
H 67, 1. 88, 10. ΙΙΙ 27, 6. 1.111111111111Π134,7. ΠΙ 9,2.
1111111 lapis HI 12, 3 9. radices ΙΙ 79, 23.
9111111151.1179,15.92,7. 1.111111134,1.3.6.42,1.
194,1.191,9.194,9 1411111, 11, 22. 90. 119, 5. 12, 5.
9. 1111111111. 29. 99. 111 119, 2. 122, 1. 149, 2919.
9,1. 9. 1111111111, 10. 1. 1111111161.
1. capitula Ι 18, 1. 9. viride 1124. 57,1. H11,1.
1. maius quod quidam (11111- 9p09hym9 H 54, 4. 92, 4. HI
1111 1111111 18. 5919 14,1.
(v. 1:919391115191). 9qu9 111111 I 16, 6. Π 7, 9
9. spica IV 2,8 Garq. 1. 114,1.10.(om. aqu9117,
a. viride 1191, 5. 122, 1. 17. 42, 9. 52, 4. 171, 9. 12,
9l99 114, 5. 15, 3. 17,14. 69. 2.) tepida 112, 5. H 64, 2.
ΠΙ 13, 2. 19. [1111111111 candens 117,14. ·
46, 6.]Ι 1. caelestis H 22, 5.
alumen 66, 29. H 49, 3. HI 11111111111 Ι 66, 18. H 91,
25. 29, 15. 25. 9529. 29. 5. 1119, 9.
1. colatum 11125, 2, 1.(111111 H 28, 6.
1111111111 H 63. 1. 1111111 H 122, 2.
1. rotundum Η 68, 2. 1111111111111111Π13, 9.
9. 11111111 H 71, 2, 79,17. 28, 6.
111, 1. 11129, 7. IV 11, 2. 9.mulsa IV 10, 2. 21, 9.
1111111111111 1159, 3. (9.) calida verb9119999 H 82,
amomum 159. 11119, 2. 4. 3. 6. ,
amurca H 121, 2. HI 28, 6. IV 11ῗῧ111 111111 ΙΠ 28, 13. 14.
2, 11. 11, 2. 15, 4.
amygdalae 1111111 H 109, 6. argium H 91, 3.
amylum I 11, 1. 34, 2. 4. 36. 9. semen H 123, 2.
64. 66, 19. H 76, 2. ΠΙ 8, 4. argyritis 19p11120,2. ΠΙ 12,3,
anagallioum tsraditur' H 6, 10. 1111111ο11111 117, 12. 34, 6. 60,
4 9, 1. 74, 2. 92, 7. 192, 1. 194, 1199, 9. 92, 5. 1991. 11119,2‚
7. ΙΠ 9,·2. 3, 4. 28, 10. 131111- 1. 11131 1 10, 6. 69. ΙΠ 19,4
1111 118812. 991 Gallicum Ν 2, 7.
H 97, 4. arig.119, 4. 54. 1.111111(11Ι13,6.19. 1197,
111111 G. Π 131, 6. 133, 3. 4. IH8, 6.
134, 4. ΠΙ8,4. 111111 (1Π 1111111111 IV 23, 2. =
129,11. (symphytum 111 111· 1111111111 herbae 11111111 H
1111111111. 1111111171. 1, 7. 97, 4. 112, 2. 4. 7. 11111,
Wellmann Herm. XXXIH 4. 1101111111.
(1898) F. 380, 11. 11111111 Ι 19. ΙΠ 19, 2.
ancusae 111111111 Π 196, 4. 9. Ponticum ΙΙΙ 13, 3. 28, 27.

 

